1 1987 01 20 21.8
2 1987 01 21 20.1
3 1987 02 03 5.8
4 1987 02 04 8.1
5 1987 02 27 6.6
6 1987 12 23 11.7
7 1988 02 01 8.1
8 1988 02 05 14.7
9 1988 03 31 5.3
10 1988 11 13 8.6
11 1988 11 20 6.1
12 1988 12 01 15.7
13 1988 12 04 43.2
14 1988 12 05 24.1
15 1988 12 09 6.1
16 1988 12 18 5.1
17 1988 12 19 7.4
18 1989 03 17 5.1
19 1989 12 02 8.4
20 1990 01 13 9.0
21 1990 01 30 6.8
22 1990 02 14 5.8
23 1990 02 23 9.0
24 1990 02 24 7.8
25 1990 12 06 10.8
26 1991 01 22 7.4
27 1991 12 25 5.0
28 1991 12 29 15.6
29 1992 02 05 6.2
30 1992 03 15 19.4
31 1992 03 16 11.0
32 1992 03 20 14.0
33 1992 11 08 10.4
34 1992 11 17 5.2
35 1992 11 19 7.2
36 1992 12 15 15.0
37 1993 01 21 9.0
38 1993 03 17 13.6
39 1993 11 11 5.6
40 1993 11 19 5.2
41 1993 11 20 17.4
42 1993 12 03 14.8
43 1994 02 24 29.4
44 1994 02 26 14.4
45 1994 02 27 8.6
46 1994 11 12 5.8
47 1994 12 19 29.4
48 1994 12 20 112.4
49 1994 12 21 20.0
50 1995 02 26 7.2
51 1995 02 27 6.2
52 1995 02 28 7.2
53 1995 03 05 16.8
54 1995 11 09 8.6
55 1995 12 25 5.6
56 1996 03 14 11.6
57 1996 03 16 5.4
58 1997 11 11 6.6
59 1997 12 06 15.8
60 1997 12 07 20.0
61 1997 12 08 10.0
62 1998 11 03 23.6
63 1998 11 04 7.4
64 1998 11 18 8.2
65 1998 11 19 5.2
66 1998 12 02 9.6
67 1998 12 19 5.2
68 1999 01 10 14.2
69 1999 01 19 6.0
70 1999 02 04 9.2
71 1999 03 24 17.0
72 1999 11 07 7.4
73 1999 11 14 8.0
74 1999 12 01 9.4
75 1999 12 14 10.8
76 1999 12 21 5.4
77 2000 01 12 29.4
78 2000 01 13 11.2
79 2000 01 14 7.0
80 2000 01 15 17.8
81 2000 01 16 32.8
82 2000 01 24 45.8
83 2000 02 03 8.4
84 2000 02 19 6.8
85 2000 03 17 8.2
86 2000 03 18 15.6
87 2000 03 19 20.0
88 2000 03 20 9.4
89 2000 11 20 19.6
90 2001 01 20 9.2
91 2001 02 02 41.2
92 2001 02 08 5.6
93 2001 02 17 15.0
94 2001 02 23 8.8
95 2001 03 09 11.0
96 2001 11 05 10.2
97 2001 12 05 6.1
98 2001 12 13 14.3
99 2001 12 14 12.8
100 2002 01 21 5.4
101 2002 11 19 10.0
102 2002 12 28 12.0
103 2002 12 29 20.0
104 2002 12 30 6.2
105 2002 12 31 5.0
106 2003 11 16 10.4
107 2003 12 17 7.4
108 2004 01 06 17.0
109 2004 02 14 7.0
110 2004 02 15 20.2
111 2004 02 16 10.6
112 2004 02 21 9.6
113 2004 03 08 6.8
114 2004 11 03 11.0
115 2004 11 04 50.4
116 2004 11 11 7.8
117 2004 11 30 5.6
118 2005 12 12 9.7
119 2005 12 31 16.2
120 2006 01 01 37.4
121 2006 01 02 20.2
122 2006 01 03 11.0
123 2006 01 08 5.0
124 2006 01 22 8.6
125 2006 01 30 12.8
126 2006 01 31 24.4
127 2006 02 01 6.6
128 2006 03 01 6.0
129 2006 12 20 17.8
130 2006 12 21 18.6
131 2007 02 23 5.4
132 2007 03 12 5.0
133 2007 03 13 49.0
134 2007 03 14 12.0
135 2007 12 17 7.5
136 2008 02 20 5.0
137 2008 11 02 27.2
138 2008 11 17 6.0
139 2008 11 18 14.8
140 2008 11 19 10.6
141 2008 11 25 5.5
142 2008 12 09 5.2
143 2008 12 12 9.6
144 2009 01 29 10.0
145 2009 03 02 13.0
146 2009 03 03 9.0
147 2009 03 24 7.0
148 2009 11 21 5.0
149 2009 12 23 19.0
150 2010 01 11 12.0
151 2010 03 28 30.0
152 2010 11 24 12.2
153 2010 12 07 11.0
154 2010 12 08 5.0
155 2011 01 08 11.0
156 2011 02 09 42.2
157 2011 02 10 15.0
158 2011 02 12 8.6
159 2011 02 18 8.2
160 2011 02 23 105.0
161 2011 02 24 26.6
162 2011 02 25 17.0
163 2011 03 17 19.6
164 2011 11 05 10.4
165 2011 12 09 32.8
166 2011 12 17 10.0
167 2012 03 01 10.0
168 2012 03 02 23.0
169 2012 11 29 12.4
170 2013 01 13 9.0
171 2013 01 25 5.4
172 2013 03 07 5.4
173 2013 11 07 10.4
174 2013 11 28 8.8
175 2013 11 30 15.0
176 2013 12 08 11.0
177 2013 12 20 9.0
178 2013 12 21 16.0
179 2014 02 13 7.6
180 2014 11 14 17.2
181 2014 11 15 34.2
182 2014 11 29 8.2
183 2014 12 02 5.8
184 2015 01 11 5.8
185 2015 01 12 5.2
