1 1999 06 04 10.7 1 1
2 1999 06 12 6.6 1 1
3 1999 07 15 7.4 1 1
4 1999 09 16 9.8 1 1
5 1999 09 22 6.0 1 1
6 1999 09 28 8.0 1 1
7 2000 05 21 5.0 1 1
8 2000 06 20 9.0 1 1
9 2000 07 26 5.6 1 1
10 2000 08 04 9.0 1 1
11 2000 08 17 10.4 1 1
12 2000 08 22 11.4 1 1
13 2001 05 08 8.0 1 1
14 2001 06 05 9.2 1 1
15 2001 06 06 37.0 1 1
16 2001 06 07 16.0 1 1
17 2001 07 09 9.0 1 1
18 2001 07 31 9.2 1 1
19 2001 08 16 5.6 1 1
20 2001 08 21 6.0 1 1
21 2001 08 31 6.8 1 1
22 2001 09 01 5.3 1 1
23 2001 09 11 6.4 1 1
24 2001 09 29 5.7 1 1
25 2002 05 14 6.2 1 1
26 2002 05 22 7.2 1 1
27 2002 06 06 6.0 1 1
28 2003 05 13 13.6 1 1
29 2003 05 16 5.2 1 1
30 2003 07 23 12.2 1 1
31 2003 08 10 10.0 1 1
32 2003 08 18 5.2 1 1
33 2003 09 06 6.4 1 1
34 2003 09 29 10.4 1 1
35 2004 05 11 14.4 1 1
36 2004 05 16 9.6 1 1
37 2004 06 01 6.2 1 1
38 2004 07 08 5.0 1 1
39 2004 07 23 7.4 1 1
40 2004 08 29 7.4 1 1
41 2004 08 30 5.0 1 1
42 2004 09 07 16.2 1 1
43 2004 09 08 6.2 1 1
44 2005 06 18 10.0 1 1
45 2005 06 20 7.2 1 1
46 2005 07 11 7.0 1 1
47 2005 07 12 13.6 1 1
48 2005 08 14 5.4 1 1
49 2005 08 18 6.8 1 1
50 2005 08 27 12.2 1 1
51 2005 09 10 5.0 1 1
52 2005 09 25 12.6 1 1
53 2006 06 10 6.8 1 1
54 2006 07 13 16.2 1 1
55 2006 08 23 7.0 1 1
56 2006 09 13 5.0 1 1
57 2007 05 17 5.4 1 1
58 2007 05 27 7.2 1 1
59 2007 06 19 6.0 1 1
60 2007 06 20 16.6 1 1
61 2007 06 21 5.4 1 1
62 2007 08 15 26.0 1 1
63 2008 06 07 13.0 1 1
64 2008 06 17 8.8 1 1
65 2008 07 20 14.0 1 1
66 2008 08 31 5.0 1 1
67 2009 06 14 9.0 1 1
68 2009 06 20 5.0 1 1
69 2009 06 26 5.0 1 1
70 2009 06 30 7.6 1 1
71 2009 07 10 13.4 1 1
72 2009 07 11 6.0 1 1
73 2009 08 28 5.0 1 1
74 2009 08 29 18.2 1 1
75 2009 09 21 13.6 1 1
76 2009 09 22 6.8 1 1
77 2010 05 23 35.6 1 1
78 2010 06 24 6.0 1 1
79 2010 06 30 5.0 1 1
80 2010 07 09 11.6 1 1
81 2010 07 10 13.2 1 1
82 2010 07 13 6.2 1 1
83 2010 08 09 9.6 1 1
84 2010 08 13 8.6 1 1
85 2010 08 14 9.4 1 1
86 2010 08 31 8.4 1 1
87 2010 09 01 28.0 1 1
88 2010 09 03 38.6 1 1
89 2010 09 04 5.4 1 1
90 2011 05 17 5.4 1 1
91 2011 06 04 8.5 1 1
92 2011 06 07 22.0 1 1
93 2011 06 08 12.0 1 1
94 2011 07 01 5.0 1 1
95 2011 07 13 5.0 1 1
96 2011 07 19 6.0 1 1
97 2011 07 29 8.2 1 1
98 2011 09 08 5.0 1 1
99 2012 06 03 6.4 1 1
100 2012 06 14 6.6 1 1
101 2013 05 09 5.6 1 1
102 2013 05 21 9.0 1 1
103 2013 06 01 5.4 1 1
104 2013 07 18 8.8 1 1
105 2013 07 27 5.4 1 1
106 2013 09 06 7.0 1 1
107 2013 09 15 36.0 1 1
108 2014 05 09 8.2 1 1
109 2014 05 31 11.2 1 1
110 2014 06 12 11.8 1 1
111 2014 07 09 6.4 1 1
112 2014 07 23 31.5 1 1
